1 0.4225462962962963 0.873900462962963 0.259537037037037 0.23136574074074084
1 0.6310069444444444 0.5933738425925925 0.15947916666666656 0.11834490740740726
1 0.5213657407407407 0.6849826388888889 0.15278935185185177 0.08842592592592595
1 0.23663773148148146 0.7244502314814815 0.15861111111111112 0.16516203703703702
1 0.41694444444444445 0.6013020833333333 0.21309027777777773 0.153125
1 0.6084837962962963 0.7614872685185186 0.14966435185185176 0.08831018518518512
1 0.1586574074074074 0.8953993055555557 0.11782407407407405 0.15271990740740762
1 0.477494212962963 0.2035300925925926 0.09465277777777778 0.06440972222222223
0 0.8404918981481482 0.7513310185185185 0.2809490740740742 0.4117476851851851
0 0.1635300925925926 0.48561921296296295 0.23517361111111107 0.16799768518518512
0 0.6352777777777778 0.8816550925925926 0.19496527777777786 0.19461805555555572