1 0.5755150462962962 0.8981944444444444 0.28010416666666665 0.20361111111111113
1 0.38505787037037037 0.6221643518518519 0.16937499999999997 0.13515046296296304
1 0.48875578703703704 0.7258275462962963 0.15912037037037036 0.1049768518518519
1 0.7709606481481481 0.7989641203703705 0.17384259259259274 0.18062500000000004
1 0.5982060185185185 0.6550578703703703 0.22673611111111108 0.17556712962962956
1 0.39708912037037036 0.7912789351851852 0.15599537037037034 0.10481481481481474
1 0.8384375000000001 0.9474884259259259 0.1323842592592591 0.10502314814814824
1 0.5613541666666666 0.25376157407407407 0.10047453703703706 0.07385416666666664
0 0.17132523148148146 0.7538310185185185 0.3108912037037037 0.4357870370370371
0 0.8578125 0.5710127314814815 0.24912037037037038 0.193888888888889
0 0.3630844907407408 0.9001765046296295 0.21383101851851852 0.1996469907407409